commit 1
commit 2
commit 3
commit 4
commit 5
commit 6
commit 7
commit 8
commit 9
commit 10
commit 11
commit 12
commit 13
commit 14
commit 15
commit 16
commit 17
commit 18
commit 19
commit 20
commit 21
commit 22
commit 23
commit 24
commit 25
commit 26
commit 27
commit 28
commit 29
commit 30
commit 31
commit 32
commit 33
commit 34
commit 35
commit 36
commit 37
commit 38
commit 39
commit 40
commit 41
commit 42
commit 43
commit 44
commit 45
commit 46
commit 47
commit 48
commit 49
commit 50
commit 51
commit 52
commit 53
commit 54
commit 55
commit 56
commit 57
commit 58
commit 59
commit 60
commit 61
commit 62
commit 63
commit 64
commit 65
commit 66
commit 67
commit 68
commit 69
commit 70
commit 71
commit 72
commit 73
commit 74
commit 75
commit 76
commit 77
commit 78
commit 79
commit 80
commit 81
commit 82
commit 83
commit 84
commit 85
commit 86
commit 87
commit 88
commit 89
commit 90
commit 91
commit 92
commit 93
commit 94
commit 95
commit 96
commit 97
commit 98
commit 99
commit 100
commit 101
commit 102
commit 103
commit 104
commit 105
commit 106
commit 107
commit 108
commit 109
commit 110
commit 111
commit 112
commit 113
commit 114
commit 115
commit 116
commit 117
commit 118
commit 119
commit 120
commit 121
commit 122
commit 123
commit 124
1
2
3
4
5
6
7
8
9
10
11
12
13
14
15
16
17
18
19
20
21
22
23
24
25
26
27
28
29
30
31
32
33
34
35
36
37
38
39
40
41
42
43
44
45
46
47
48
49
50
51
52
53
54
55
56
57
58
59
60
61
62
63
64
65
66
67
68
69
70
71
72
73
74
75
76
77
78
79
80
81
82
83
84
85
86
87
88
89
90
91
92
93
94
95
96
97
98
99
100
101
102
103
104
105
106
107
108
109
110
111
112
113
114
115
116
117
118
119
120
121
122
123
124
125
126
127
128
129
130
131
132
133
134
135
136
137
138
139
140
141
142
143
144
145
146
147
148
149
150
151
152
153
154
155
156
157
158
159
160
161
162
163
164
165
166
167
168
169
170
171
172
173
174
175
176
177
178
179
180
181
182
183
184
185
186
187
188
189
190
191
192
193
194
195
196
197
198
199
200
201
202
203
204
205
206
207
208
209
210
211
212
213
214
215
216
217
218
219
220
221
222
223
224
225
226
227
228
229
230
231
232
233
234
235
236
237
238
239
240
241
242
243
244
245
246
247
248
249
250
251
252
253
254
255
256
257
258
259
260
261
262
263
264
265
266
267
268
269
270
271
272
273
274
275
276
277
278
1
2
3
4
5
6
7
8
9
10
11
12
13
14
15
16
17
18
19
20
21
22
23
24
25
26
27
28
29
30
31
32
33
34
35
36
37
38
39
40
41
42
43
44
45
46
47
48
49
50
51
52
53
54
55
56
57
58
59
60
61
62
63
64
65
66
67
68
69
70
71
72
73
74
75
76
77
78
79
80
81
82
83
84
85
86
87
88
89
90
91
92
93
94
95
96
97
98
99
100
101
102
103
104
105
106
107
108
109
110
111
112
113
114
115
116
117
118
119
120
121
122
123
124
125
126
127
128
129
130
131
132
133
134
135
136
137
138
139
140
141
142
143
144
145
146
147
148
149
150
151
152
153
154
155
156
157
158
159
160
161
162
163
164
165
166
167
168
169
170
171
172
173
174
175
176
177
178
179
180
181
182
183
184
185
186
187
188
189
190
191
192
193
194
195
196
197
198
199
200
201
202
203
204
205
206
207
208
209
210
211
212
213
214
215
216
217
218
219
220
221
1
2
3
4
5
6
7
8
9
10
11
12
13
14
15
16
17
18
19
20
21
22
23
24
25
26
27
28
29
30
31
32
33
34
35
36
37
38
39
40
41
42
43
44
45
46
47
48
49
50
51
52
53
54
55
56
57
58
59
60
61
62
63
64
65
66
67
68
69
70
71
72
73
74
75
76
77
78
79
80
81
82
83
84
85
86
87
88
89
90
91
92
93
94
95
96
97
98
99
100
101
102
103
104
105
106
107
108
109
110
111
112
113
114
115
116
117
118
119
120
121
122
123
124
125
126
127
128
129
130
131
132
133
134
135
136
137
138
139
140
141
142
143
144
145
146
147
148
149
150
151
152
153
154
155
156
157
158
159
160
161
162
163
164
165
166
167
168
169
170
171
172
173
174
175
176
177
178
179
180
181
182
183
184
185
186
187
188
189
190
191
192
193
194
195
196
197
198
199
200
201
202
203
204
205
206
207
208
209
210
211
212
213
214
215
216
217
218
219
220
221
222
223
224
225
226
227
228
229
230
231
232
233
234
235
236
237
238
239
240
241
242
243
244
245
246
247
248
249
250
251
252
253
254
255
256
257
258
259
260
261
262
263
264
265
266
267
268
269
270
271
272
273
274
275
276
277
278
279
280
281
282
283
284
285
286
287
288
289
290
291
292
293
294
295
296
297
298
299
300
301
302
303
304
305
306
307
308
309
310
311
312
313
314
315
316
317
318
319
320
321
322
323
324
325
326
327
328
329
330
331
332
333
334
335
336
337
338
339
340
341
342
343
344
345
346
347
348
349
350
351
352
353
354
355
356
357
358
359
360
361
362
363
364
365
366
367
368
369
370
371
372
373
374
375
376
377
378
379
380
381
382
383
384
385
386
387
388
389
390
391
392
393
394
395
396
397
398
399
400
401
402
403
404
405
406
407
408
409
410
411
412
413
414
415
416
417
418
419
420
421
422
423
424
425
426
427
428
429
430
431
432
433
434
435
436
437
438
439
440
441
442
443
444
445
446
447
448
449
450
451
452
453
454
455
456
457
458
459
460
461
462
463
464
465
466
467
468
469
470
471
472
473
474
475
476
477
478
479
480
481
482
483
484
485
486
487
488
489
490
491
492
493
494
495
496
497
498
499
500
501
502
503
504
505
506
507
508
509
510
511
512
513
514
515
516
517
518
519
520
521
522
523
524
525
526
527
528
529
530
531
532
533
534
535
536
537
538
539
540
541
542
543
544
545
546
547
548
549
550
551
552
553
554
555
556
557
558
559
560
561
562
563
564
565
566
567
568
569
570
571
572
573
574
575
576
577
578
579
580
581
582
583
584
585
586
587
588
589
590
591
592
593
594
595
596
597
598
599
600
601
602
603
604
605
606
607
608
609
610
611
612
613
614
615
616
617
618
619
620
621
622
623
624
625
626
627
628
629
630
631
632
633
634
635
636
637
638
639
640
641
642
643
644
645
646
647
648
649
650
651
652
653
654
655
656
657
658
659
660
661
662
663
664
665
666
667
668
669
670
671
672
673
674
675
676
677
678
679
680
681
682
683
684
685
686
687
688
689
690
691
692
693
694
695
696
697
698
699
700
701
702
703
704
705
706
707
708
709
710
711
712
713
714
715
716
717
718
719
720
721
722
723
724
725
726
727
728
729
730
731
732
733
734
735
736
737
738
739
740
741
742
743
744
745
746
747
748
749
750
751
752
753
754
755
756
757
758
759
760
761
762
763
764
765
766
767
768
769
770
771
772
773
774
775
776
777
778
779
780
781
782
783
784
785
786
787
788
789
790
Commit 1
Commit 2
Commit 3
Commit 4
Commit 5
Commit 6
Commit 7
Commit 8
Commit 9
Commit 10
Commit 11
Commit 12
Commit 13
Commit 14
Commit 15
Commit 16
Commit 17
Commit 18
Commit 19
Commit 20
Commit 21
Commit 22
Commit 23
Commit 24
Commit 25
Commit 26
Commit 27
Commit 28
Commit 29
Commit 30
Commit 31
Commit 32
Commit 33
Commit 34
Commit 35
Commit 36
Commit 37
Commit 38
Commit 39
Commit 40
Commit 41
Commit 42
Commit 43
Commit 44
Commit 45
Commit 46
Commit 47
Commit 48
Commit 49
Commit 50
Commit 51
Commit 52
Commit 53
Commit 54
Commit 55
Commit 56
Commit 57
Commit 58
Commit 59
Commit 60
Commit 61
Commit 62
Commit 63
Commit 64
Commit 65
Commit 66
Commit 67
Commit 68
Commit 69
Commit 70
Commit 71
Commit 72
Commit 73
Commit 74
Commit 75
Commit 76
Commit 77
Commit 78
Commit 79
Commit 80
Commit 81
Commit 82
Commit 83
Commit 84
Commit 85
Commit 86
Commit 87
Commit 88
Commit 89
Commit 90
Commit 91
Commit 92
Commit 93
Commit 94
Commit 95
Commit 96
Commit 97
Commit 98
Commit 99
Commit 100
Commit 101
Commit 102
Commit 103
Commit 104
Commit 105
Commit 106
Commit 107
Commit 108
Commit 109
Commit 110
Commit 111
Commit 112
Commit 113
Commit 114
Commit 115
Commit 116
Commit 117
Commit 118
Commit 119
Commit 120
Commit 121
Commit 122
Commit 123
Commit 124
Commit 125
Commit 126
Commit 127
Commit 128
Commit 129
Commit 130
Commit 131
Commit 132
Commit 133
Commit 134
Commit 135
Commit 136
Commit 137
Commit 138
Commit 139
Commit 140
Commit 141
Commit 142
Commit 143
Commit 144
Commit 145
Commit 146
Commit 147
Commit 148
Commit 149
Commit 150
Commit 151
Commit 152
Commit 153
Commit 154
Commit 155
Commit 156
Commit 157
Commit 158
Commit 159
Commit 160
Commit 161
Commit 162
Commit 163
Commit 164
Commit 165
Commit 166
Commit 167
Commit 168
Commit 169
Commit 170
Commit 171
Commit 172
Commit 173
Commit 174
Commit 175
Commit 176
Commit 177
Commit 178
Commit 179
Commit 180
Commit 181
Commit 182
Commit 183
Commit 184
Commit 185
Commit 186
Commit 187
Commit 188
Commit 189
Commit 190
Commit 191
Commit 192
Commit 193
Commit 194
Commit 195
Commit 196
Commit 197
Commit 198
Commit 199
Commit 200
Commit 201
Commit 202
Commit 203
Commit 204
Commit 205
Commit 206
Commit 207
Commit 208
Commit 209
Commit 210
Commit 211
Commit 212
Commit 213
Commit 214
Commit 215
Commit 216
Commit 217
Commit 218
Commit 219
Commit 220
Commit 221
Commit 222
